world: 877e483a-8c3b-40fa-9738-40239679b77e
world-name: isla
x: 84.14068273213046
y: 83.0
z: 85.38762247195098
yaw: 0.6839599609375
pitch: 0.767337441444397
name: auction
lastowner: f4cfd4b0-200b-47db-813f-8b93e4207aa0