world: 877e483a-8c3b-40fa-9738-40239679b77e
world-name: isla
x: 3.873417809532944
y: 84.0
z: 27.896481119613657
yaw: -90.9783935546875
pitch: 7.282483100891113
name: blue_balloon
lastowner: f4cfd4b0-200b-47db-813f-8b93e4207aa0