world: 877e483a-8c3b-40fa-9738-40239679b77e
world-name: isla
x: 88.62455051653582
y: 83.0
z: 0.5752972783622711
yaw: -90.3206787109375
pitch: 3.0850725173950195
name: cosmetic
lastowner: f4cfd4b0-200b-47db-813f-8b93e4207aa0