world: 877e483a-8c3b-40fa-9738-40239679b77e
world-name: isla
x: 47.62712327183569
y: 82.0
z: 107.63193039147374
yaw: 92.28302001953125
pitch: 23.262676239013672
name: crates
lastowner: f4cfd4b0-200b-47db-813f-8b93e4207aa0