world: 877e483a-8c3b-40fa-9738-40239679b77e
world-name: isla
x: 214.41318492965067
y: 83.0
z: 61.23062497857311
yaw: 91.21270751953125
pitch: 6.672898292541504
name: green_balloon
lastowner: f4cfd4b0-200b-47db-813f-8b93e4207aa0