world: 877e483a-8c3b-40fa-9738-40239679b77e
world-name: isla
x: 168.37727125985057
y: 66.0
z: -135.89365631049668
yaw: -3.7958984375
pitch: 1.1225420236587524
name: yellow_balloon
lastowner: f4cfd4b0-200b-47db-813f-8b93e4207aa0