spawns:
  default:
    world: 877e483a-8c3b-40fa-9738-40239679b77e
    world-name: isla
    x: 55.5
    y: 84.0
    z: 153.5
    yaw: 178.6568145751953
    pitch: -4.721765518188477